Event3,2017,5,3,60,,2,0
Event3,2017,5,4,60,,3,0
Event5,2017,5,5,60,,0,0
Event6,2017,5,6,60,,2,0
d,2017,5,11,120,,0,1440
h,2017,5,11,120,,0,550
hi,2017,5,11,120,,0,1440
Event me,2017,5,11,60,,0,20940
Event10,2017,5,10,60,,1,0
Event11,2017,5,11,60,,1,0
d,2017,5,12,120,,0,1440
e,2017,5,12,120,,0,740
ho,2017,5,12,60,,0,0
Event12,2017,5,12,60,,1,0
d,2017,5,12,60,,0,0
d,2017,5,12,60,,0,0
f,2017,5,13,120,,0,1440
e,2017,5,13,120,,0,764
I like testing stuff.,2017,5,13,60,,0,17460
o,2017,5,13,60,,0,0
Event14,2017,5,13,60,,0,0
d,2017,5,13,60,,0,0
d,2017,5,13,60,,0,0
d,2017,5,13,60,,0,0
d,2017,5,13,60,,0,0
d,2017,5,13,60,,0,0
d,2017,5,13,60,,0,0
d,2017,5,13,60,,0,0
d,2017,5,13,60,,0,0
d,2017,5,13,60,,0,0
I guess,2017,5,14,120,,0,180
e,2017,5,14,120,,0,633
Event14,2017,5,14,60,,3,0
d,2017,5,14,60,,0,0
d,2017,5,14,60,,0,0
d,2017,5,14,60,,0,0
d,2017,5,14,60,,0,0
Better Name,2017,5,14,120,,0,380
Hi,2017,5,14,120,,0,328
e,2017,5,15,120,,0,234
Event15,2017,5,15,60,,3,0
d,2017,5,16,60,,0,0
d,2017,5,16,60,,0,0
d,2017,5,16,60,,0,0
d,2017,5,16,60,,0,0
Event17,2017,5,17,60,,2,0
Event17,2017,5,17,60,,3,0
Event18,2017,5,18,60,,1,0
Event19,2017,5,19,60,,3,0
Event20,2017,5,20,60,,0,0
Event22,2017,5,22,60,,0,0
Event23,2017,5,23,60,,2,0
Event24,2017,5,24,60,,2,0
Event25,2017,5,25,60,,3,0
Event26,2017,5,26,60,,2,0
Event28,2017,5,27,60,,0,0
Event28,2017,5,28,60,,0,0
Event29,2017,5,30,60,,1,0
Event24,2017,5,24,60,,2,0
Event23,2017,5,23,60,,3,0
omg,2017,5,17,120,,0,738
hi,2017,5,16,60,,0,0
Event Hi,2017,5,15,120,,0,362
d,2017,5,14,120,,0,193
Hi,2017,5,13,120,,0,333
d,2017,5,12,120,,0,558
Event11,2017,5,11,60,,3,0
Event3,2017,5,3,60,,2,0
HIHIHIHI,2017,4,29,60,,0,0
